          21            0            0      118.899            0            0      118.899        999.9            0
          21            0            0     -664.503            0            0      664.503       -999.9            0
          21      15.6869     -31.8947     -109.863      35.5436            0       115.47     -1.84682      -1.1137
           6     -25.4317     -27.9239     -577.666      37.7693      173.333      604.292     -3.42171     -2.30952
          -6      25.4317      27.9239      32.0611      37.7693      172.122       179.11     0.770374     0.832072
          21 -5.86198e-14  1.24345e-13      118.899   1.3747e-13            0      118.899        999.9      2.01133
          21      22.2925     -13.6232      91.5029      26.1256            0      95.1595      1.96639    -0.548549
          21  6.21725e-14 -1.27898e-13     -795.936  1.42208e-13            0      795.936       -999.9     -1.11832
           6     -39.3829     0.441798      -594.67      39.3854      173.333      620.667     -3.40885      3.13038
          -6      23.6961      31.4529      27.4958      39.3801      172.122      178.698     0.651204     0.925134
          21            0 -3.55271e-15      212.719  3.55271e-15            0      212.719        999.9      -1.5708
          21     -3.93204     -18.9539      421.775      19.3575            0      422.219      3.77507     -1.77535
          21 -3.55271e-15  2.66454e-15     -795.936  4.44089e-15            0      795.936       -999.9      2.49809
           6     -41.8201      1.93116     -595.988      41.8646      173.333      622.092     -3.35016      3.09545
          -6      4.36632      43.2655      27.4073      43.4853      172.122      179.633     0.594605      1.47022
          21      15.1613     -31.5735      -106.14       35.025            0      111.769     -1.82802     -1.12312
          21            0  1.06581e-14      634.892  1.06581e-14            0      634.892        999.9       1.5708
          21      3.83913       2.6615      41.9401      4.67146            0      42.1995        2.891     0.606186
          21 -2.22045e-16 -5.32907e-15     -795.936  5.33369e-15            0      795.936       -999.9     -1.61244
           6     -41.5788      3.09415     -595.197      41.6938      173.333      621.323     -3.35291      3.06731
          -6      6.27986      52.4895      25.3764      52.8638      172.122      181.837     0.463282      1.45172
          21      15.2133     -31.3227     -104.787      34.8218            0      110.421     -1.82136     -1.11866
          21      24.0177     -5.30704      91.7896       24.597            0      95.0282      2.02751    -0.217469
          21     0.293528     -23.5092      404.911      23.5111            0      405.593      3.54018     -1.55831
          21    -0.677718      3.77137      30.4232      3.83178            0      30.6636      2.76897       1.7486
          21      20.4698     -4.52309      78.2306      20.9636            0      80.9908      2.02751    -0.217469
          21  8.88178e-16            0      677.072  8.88178e-16            0      677.072        999.9            0
          21     -1.94875     -2.22175      23.5264       2.9553            0      23.7113      2.77159     -2.29083
          21 -6.66134e-16 -2.22045e-16     -795.936  7.02167e-16            0      795.936       -999.9     -2.81984
           6     -41.6578      3.03939     -595.208      41.7685      173.333      621.339     -3.35114      3.06876
          -6      5.65337      52.0552      25.5356      52.3613      172.122      181.714     0.470166      1.46262
          21      15.1963     -31.3345     -104.788       34.825            0      110.423     -1.82128     -1.11925
          21      19.9884     -4.85682       78.296        20.57            0       80.953      2.04663    -0.238362
          21     -2.15699     -25.2081      404.927      25.3002            0      405.717      3.46702     -1.65616
          21    -0.862411      3.64333       30.434      3.74401            0      30.6634      2.79231      1.80323
          21      3.70519      3.39924      11.3033      5.02824            0      12.3713      1.54933     0.742361
          21    0.0706406    -0.528997      29.7551     0.533692            0      29.7598      4.71416     -1.43804
          -6      5.71667      51.8465      26.4173      52.1607      172.122      181.782     0.486982      1.46098
          21      16.3542     -31.6821     -110.751      35.6541            0      116.348     -1.85152     -1.09428
          21     -1.15788     0.347591      -19.372      1.20893            0      19.4097     -3.46822      2.84996
          21 -1.30479e-13 -4.44089e-16     -821.271  1.30479e-13            0      821.271       -999.9     -3.13819
          21  2.22045e-16  2.22045e-16       700.77  3.14018e-16            0       700.77        999.9     0.785398
          21      -1.8982     -2.05951      17.0858      2.80085            0      17.3139      2.50813     -2.31546
          21  3.33067e-16  2.22045e-16     -821.271  4.00297e-16            0      821.271       -999.9     0.588003
           6     -41.6202      3.08226     -595.081      41.7342      173.333      621.215     -3.35175      3.06767
          -6      6.01629       52.188      26.3447      52.5337      172.122      181.879     0.482537      1.45602
          21      16.3622     -31.6729     -110.709      35.6496            0      116.307     -1.85128     -1.09396
          21      20.2176     -4.59554      78.2843      20.7333            0      80.9833      2.03884    -0.223506
          21    -0.990392      -23.878      405.017      23.8986            0      405.721      3.52413     -1.61225
          21    -0.774486      3.74357      30.4327      3.82284            0      30.6719      2.77159       1.7748
          21      3.73926      3.43808      11.2938      5.07961            0      12.3836      1.53928     0.743461
          21     0.156289     -0.43135      29.7591     0.458791            0      29.7627       4.8655     -1.22318
          21     -1.15782     0.347652     -19.3687      1.20889            0      19.4064     -3.46807      2.84989
          21  2.22045e-16  2.22045e-16       718.07  3.14018e-16            0       718.07        999.9     0.785398
          21 -4.44089e-16 -2.22045e-16     -821.271  4.96507e-16            0      821.271       -999.9     -2.67795
          21    -0.286203     0.668457       1.0635      0.72715            0      1.28833      1.17382      1.97534
           6     -41.5848      3.12066     -594.941      41.7017      173.333      621.078     -3.35229      3.06669
          -6       6.2983       52.494      26.2853      52.8705      172.122      181.968     0.478674      1.45139
          21      16.3698     -31.6647     -110.668      35.6458            0      116.267     -1.85103     -1.09366
          21      20.4333      -4.3615      78.2749      20.8936            0      81.0154      2.03129    -0.210295
          21     0.107645     -22.6867      405.109      22.6869            0      405.744       3.5763     -1.56605
          21    -0.691728      3.83336      30.4325      3.89527            0      30.6808      2.75297      1.74932
          21      3.77132      3.47288      11.2854      5.12677            0      12.3953      1.53019     0.744223
          21     0.236903    -0.343885      29.7637     0.417588            0      29.7666      4.95974    -0.967558
          21     -1.15777     0.347708     -19.3649      1.20886            0      19.4026      -3.4679      2.84984
          21     -1.88477     -2.15234      23.5356      2.86093            0      23.7089      2.80419     -2.29001
          21      20.3593     -1.83768      75.2648      20.4421            0      77.9915      2.01452   -0.0900186
          21     0.159322     -2.68885      2.43327      2.69357            0      3.62989     0.811365     -1.51161
          21      16.2845     -31.4997     -110.091        35.46            0      115.661     -1.85103     -1.09366
          21 -4.61853e-14  1.07858e-13       718.07  1.17331e-13            0       718.07        999.9      1.97538
          21     -1.08193     -1.25875    -0.174317      1.65982            0      1.66895    -0.104829     -2.28079
          21  4.62408e-14 -1.08025e-13      -822.73  1.17506e-13            0       822.73       -999.9     -1.16634
           6     -41.3729      2.62578     -595.968      41.4562      173.333      622.046     -3.35991      3.07821
          -6      6.32543      52.4307      25.9669      52.8109      172.122      181.905     0.473772      1.45073
          21      16.3238     -31.5915     -110.265      35.5597            0      115.857     -1.84986     -1.09387
          21      20.3598     -1.83879      75.1414      20.4426            0      77.8725      2.01291   -0.0900706
          21     0.107756      -22.687      404.454      22.6872            0       405.09      3.57467     -1.56605
          21    -0.691685      3.83326      30.3806      3.89516            0      30.6292       2.7513      1.74932
          21      3.77152      3.47242      11.2643       5.1266            0      12.3761      1.52852     0.744133
          21     0.236903    -0.343886      29.7151     0.417589            0       29.718      4.95811    -0.967558
          21     -1.15102     0.331931      -19.397      1.19792            0       19.434     -3.47863      2.86083
          21     -1.88474     -2.15241      23.4973      2.86096            0      23.6709      2.80256     -2.28999
          21     -1.89816     -2.05961       17.058      2.80089            0      17.2864       2.5065     -2.31542
          21     0.159531     -2.68934      2.42844      2.69407            0      3.62703     0.809911     -1.51155
          21            0  1.11022e-16      719.623  1.11022e-16            0      719.623        999.9       1.5708
          21     -1.61075     0.506574      34.7021      1.68853            0      34.7432      3.71668      2.83689
          21 -1.11022e-16            0      -822.73  1.11022e-16            0       822.73       -999.9      3.14159
           6     -41.3533      2.64864     -595.242       41.438      173.333      621.349     -3.35913      3.07763
          -6      6.48203      52.6129      26.1202      53.0107      172.122      181.985     0.474704      1.44821
          21       16.328     -31.5866      -110.12      35.5573            0      115.718     -1.84867      -1.0937
          21       20.475     -1.70468       75.215      20.5459            0      77.9707      2.00899   -0.0830648
          21     0.717633     -21.9774      404.928      21.9891            0      405.525      3.60705     -1.53815
          21    -0.645722      3.88673      30.4121      3.94001            0      30.6662      2.74097      1.73543
          21      3.78933      3.49314      11.2723      5.15374            0      12.3946      1.52436      0.74475
          21     0.281678    -0.291794      29.7486     0.405569            0      29.7513      4.98844    -0.803037
          21     -1.15099     0.331963     -19.3747      1.19791            0      19.4117     -3.47749       2.8608
          21     -1.84921     -2.11107      23.5272      2.80645            0       23.694      2.82292     -2.29017
          21     -1.87229     -2.02951      17.0806      2.76122            0      17.3024      2.52189     -2.31592
          21     0.164093     -2.68403      2.43474      2.68904            0      3.62752     0.812899     -1.50974
          21    -0.284431     0.670519      1.06458     0.728352            0      1.28989      1.17329      1.97198
          21      14.9519     -27.1746     -101.697      31.0164            0      106.322     -1.90312     -1.06779
          21       1.3839      -4.5386     -8.30749      4.74489            0      9.56705     -1.32631     -1.27483
          21     0.156355     -2.55747      2.31994      2.56225            0      3.45648     0.812899     -1.50974
          21     -1.94206     0.910606      25.6769      2.14494            0      25.7664      3.17737      2.70314
          21      1.32028      2.24269      18.2486      2.60246            0      18.4332      2.64583      1.03872
          21     0.693683      -21.244      391.415      21.2553            0      391.991      3.60705     -1.53815
          21  2.22045e-16            0      754.365  2.22045e-16            0      754.365        999.9            0
          21 -7.77156e-16  2.22045e-16      -822.73  8.08255e-16            0       822.73       -999.9      2.86329
          21    -0.788239     0.274604     -5.61265     0.834702            0      5.67438     -2.60434      2.80636
           6     -41.3241      2.63945     -595.178      41.4083      173.333      621.286     -3.35974      3.07781
          -6      6.71493      52.5396       26.136       52.967      172.122      181.974     0.475337      1.44368
          21      14.9571     -27.1762     -101.721      31.0203            0      106.346     -1.90322     -1.06767
          21      20.6465     -1.75859      75.1934      20.7212            0      77.9963      2.00052   -0.0849714
          21      1.57044     -21.5197      391.416      21.5769            0       392.01      3.59205     -1.49795
          21     -1.88448     0.892499      25.6801      2.08514            0      25.7646      3.20567      2.69928
          21      3.81581      3.48481      11.2696      5.16763            0       12.398      1.52169     0.740091
          21     0.348268    -0.312736      29.7489     0.468075            0      29.7526      4.84513    -0.731696
          21     -1.15095      0.33195     -19.3727      1.19786            0      19.4097     -3.47743       2.8608
          21     -1.79636     -2.12769      23.5291      2.78459            0      23.6933      2.83077     -2.27196
          21     -1.83381     -2.04161      17.0824      2.74427            0      17.3014      2.52807     -2.30263
          21      0.16282      -2.5595      2.31895      2.56468            0      3.45762     0.811977     -1.50727
          21    -0.281796      0.66969      1.06516     0.726563            0      1.28937      1.17577      1.96909
          21     -1.08025     -1.25928    -0.173507      1.65913            0      1.66818    -0.104387     -2.27982
          21      1.38531     -4.53904     -8.31039      4.74573            0      9.56998     -1.32646     -1.27458
          21      1.36134      2.22978      18.2484       2.6125            0      18.4344        2.642      1.02267
          21     -1.11906     -2.88409      9.70273      3.09358            0       10.184      1.86072     -1.94093
          21    -0.916533     0.607256      7.34727      1.09945            0      7.42908      2.59822      2.55644
          21    -0.878469     -1.02405    -0.141097      1.34922            0      1.35657    -0.104387     -2.27982
          21      1.11328       2.6846      5.45076      2.90628            0      6.17716      1.38653      1.17769
          21      2.53882     0.606303      7.96325      2.61021            0      8.38013      1.83439     0.234422
          21     -1.63265     -1.93378      21.3847      2.53081            0      21.5339      2.83077     -2.27196
          21      2.04513    -0.926846      3.71045      2.24535            0      4.33694      1.27649    -0.425508
          21    -0.825944     -1.72264      2.45573      1.91041            0      3.11132      1.06955     -2.01788
          21      19.5901     -1.66862      71.3462      19.6611            0      74.0056      2.00052   -0.0849714
          21     -1.45476     0.729263      9.29845      1.62732            0      9.43977      2.44363      2.67691
          21   -0.0079068     0.127307      17.9178     0.127552            0      17.9183      5.63818      1.63282
          21      19.1683     -1.63269      69.8099      19.2377            0      72.4121      2.00052   -0.0849714
          21      1.17963      1.39907      6.96403      1.83001            0      7.20046      2.04642     0.870293
          21      1.21888      1.59246      2.51795      2.00539            0      3.21895      1.05108     0.917508
          21       1.2536     0.299375      3.93203      1.28885            0      4.13788      1.83439     0.234422
          21      18.2079     -1.24567      68.9767      18.2504            0      71.3503      2.03979   -0.0683074
          21     0.959826    -0.377225       2.2115      1.03129            0      2.44014      1.50641    -0.374469
          21  -0.00729861     0.117515      16.5396     0.117741            0        16.54      5.63818      1.63282
          21  3.45501e-13 -1.20404e-13      754.365   3.6588e-13            0      754.365        999.9    -0.335329
          21    -0.567971     0.595225      73.3627     0.822729            0      73.3673      5.18372      2.33277
          21 -3.45668e-13  1.20404e-13     -828.408  3.66037e-13            0      828.408       -999.9      2.80641
           6     -40.7413      2.43644     -595.224      40.8141      173.333       621.29     -3.37423      3.08186
          -6      6.78959      52.5136       26.123      52.9507      172.122      181.968     0.475252      1.44222
          21      15.0567     -27.2109     -101.714      31.0989            0      106.362     -1.90073      -1.0654
          21       18.209     -1.24607      68.9827      18.2516            0      71.3564      2.03981   -0.0683248
          21      1.57073     -21.5198      391.404       21.577            0      391.999      3.59202     -1.49794
          21      -1.4547      0.72924      9.29724      1.62725            0      9.43857      2.44355       2.6769
          21      1.17974      1.39903      6.96406      1.83005            0       7.2005       2.0464     0.870232
          21      0.34827    -0.312737      29.7479     0.468077            0      29.7516      4.84509    -0.731694
          21     -1.13237     0.325478     -19.3741      1.17822            0      19.4099     -3.49401      2.86171
          21     -1.63257      -1.9338      21.3834      2.53079            0      21.5326      2.83071     -2.27193
          21     -1.11883     -2.88417      9.70226      3.09358            0      10.1835      1.86068     -1.94085
          21      2.04543     -0.92695      3.71141      2.24567            0      4.33792      1.27659    -0.425496
          21    -0.281688     0.669653      1.06486     0.726487            0      1.28908      1.17563      1.96898
          21    -0.877751      -1.0243    -0.141402      1.34894            0      1.35633    -0.104634      -2.2793
          21      1.39387     -4.54202     -8.30936      4.75109            0      9.57174     -1.32537     -1.27304
          21      1.36142      2.22974      18.2479      2.61252            0       18.434      2.64197      1.02264
          21     -1.61073     0.506568      34.6999      1.68851            0      34.7409      3.71663      2.83689
          21    -0.916494     0.607242      7.34642      1.09941            0      7.42823      2.59814      2.55643
          21       1.2537     0.299341      3.93241      1.28894            0      4.13826      1.83442     0.234379
          21     -0.82563     -1.72275       2.4555      1.91037            0      3.11111      1.06949     -2.01771
          21  -0.00729841     0.117515      16.5389     0.117741            0      16.5393      5.63814      1.63282
          21      1.21921      1.59234      2.51814       2.0055            0      3.21917       1.0511      0.91734
          21     0.959936    -0.377263      2.21192      1.03141            0      2.44057      1.50648    -0.374465
          21 -1.11022e-16 -5.55112e-17      827.732  1.24127e-16            0      827.732        999.9     -2.67795
          21 -5.55112e-17  1.11022e-16     -828.408  1.24127e-16            0      828.408       -999.9      2.03444
          21    -0.757902      0.10112     -22.1612     0.764618            0      22.1744     -4.06017      3.00896
           6     -40.7315      2.42616     -595.206      40.8037      173.333      621.272     -3.37445       3.0821
          -6      6.86792      52.4315      26.1417      52.8794      172.122       181.95     0.476166      1.44055
          21      15.0585     -27.2128      -101.73      31.1013            0      106.378      -1.9008     -1.06538
          21      18.2618     -1.30143      68.9755      18.3082            0      71.3639      2.03672   -0.0711449
          21      1.86564     -21.8289      391.396      21.9084            0      392.009      3.57678     -1.48554
          21     -1.44764     0.721848       9.2981      1.61763            0      9.43777      2.44948      2.67904
          21      1.18507      1.39344      6.96419      1.82923            0      7.20042      2.04685     0.866034
          21     0.370669    -0.336211      29.7477     0.500433            0      29.7519      4.77825     -0.73669
          21     -1.13236     0.325464     -19.3735       1.1782            0      19.4093     -3.49399      2.86172
          21     -1.61642     -1.95073      21.3833      2.53341            0      21.5328      2.82968     -2.26275
          21     -1.11134     -2.89201      9.70157       3.0982            0      10.1843      1.85919     -1.93768
          21      2.04846    -0.930126      3.71028      2.24974            0      4.33907      1.27478    -0.426225
          21    -0.280802     0.668724      1.06524     0.725287            0      1.28871      1.17728      1.96835
          21    -0.877294     -1.02478    -0.141472      1.34901            0       1.3564     -0.10468     -2.27881
          21      1.39435     -4.54252     -8.31165      4.75171            0      9.57404      -1.3255     -1.27297
          21      1.37523      2.21527      18.2483      2.60743            0      18.4337      2.64392      1.01523
          21     -1.58459     0.479172      34.7008      1.65545            0      34.7402       3.7364      2.84794
          21    -0.910932     0.601413      7.34703      1.09156            0      7.42767      2.60531      2.55807
          21      1.25673     0.296157      3.93207      1.29116            0      4.13863       1.8327     0.231434
          21    -0.823535     -1.72494      2.45514      1.91145            0      3.11148      1.06893     -2.01622
          21   0.00515409     0.104465       16.539     0.104592            0      16.5393      5.75657       1.5215
          21      1.22137      1.59008      2.51832      2.00502            0      3.21901      1.05134     0.915798
          21     0.961687    -0.379098      2.21142      1.03371            0      2.44109      1.50425    -0.375498
          21    -0.788215      0.27458     -5.61223     0.834672            0      5.67396      -2.6043      2.80638
          21      1.82154     -18.7905      323.787      18.8786            0      324.337      3.53605     -1.47416
          21    0.0273524     -3.08196      67.7556      3.08208            0      67.8257      3.78397     -1.56192
          21     -1.09459     -2.84843      9.55536      3.05151            0      10.0308      1.85919     -1.93768
          21     -0.18328      1.12895      0.80315      1.14373            0      1.39756     0.654486      1.73174
          21    -0.218946    -0.417924    -0.602471     0.471803            0     0.765225     -1.06432     -2.05337
          21    -0.666791     0.232281     -4.74767     0.706091            0      4.79989      -2.6043      2.80638
          21  -2.9915e-13  3.99195e-14      827.732  3.01801e-13            0      827.732        999.9      3.00893
          21  2.99094e-13 -3.99125e-14     -850.582  3.01745e-13            0      850.582       -999.9    -0.132661
           6      -40.175      2.35191      -595.23      40.2438      173.333      621.259     -3.38828      3.08312
          -6       6.9392       52.422      26.1402      52.8793      172.122      181.949     0.476141      1.43919
          21      15.1537     -27.2255     -101.722      31.1586            0      106.387     -1.89897      -1.0629
          21      18.2629     -1.30158      68.9834      18.3093            0      71.3718      2.03677   -0.0711486
          21      1.82179     -18.7905      323.786      18.8786            0      324.336      3.53605     -1.47415
          21     -1.44758      0.72184      9.29732      1.61757            0      9.43699      2.44943      2.67902
          21      1.18518      1.39343      6.96459      1.82929            0      7.20082      2.04688     0.865984
          21     0.370671    -0.336211      29.7476     0.500434            0      29.7519      4.77825    -0.736688
          21     -1.11462     0.323097     -19.3742       1.1605            0      19.4089     -3.50914      2.85945
          21     -1.61635     -1.95074      21.3825      2.53337            0       21.532      2.82966     -2.26272
          21     -1.09438     -2.84846      9.55495      3.05145            0      10.0304      1.85916     -1.93761
          21      2.04875    -0.930164      3.71124      2.25002            0      4.34004      1.27489    -0.426188
          21    -0.183008      1.12891     0.802986      1.14365            0       1.3974     0.654408      1.73151
          21    -0.876609     -1.02487    -0.141822      1.34863            0      1.35607    -0.104967     -2.27838
          21      1.40253     -4.54361     -8.31081      4.75516            0      9.57502     -1.32478     -1.27139
          21      1.37532      2.21526      18.2487      2.60747            0       18.434      2.64392       1.0152
          21     -1.58457     0.479169      34.6997      1.65544            0      34.7392      3.73638      2.84794
          21    -0.910895     0.601408      7.34652      1.09152            0      7.42716      2.60527      2.55805
          21      1.25683     0.296144      3.93259      1.29125            0      4.13916      1.83276     0.231407
          21    -0.823234     -1.72498      2.45484      1.91136            0      3.11119      1.06887     -2.01607
          21   0.00515424     0.104465      16.5388     0.104592            0      16.5392      5.75656       1.5215
          21      1.22169      1.59003      2.51875      2.00518            0      3.21945      1.05141     0.915658
          21     0.961792    -0.379112      2.21186      1.03381            0      2.44153      1.50434    -0.375473
          21    -0.662424     0.231698     -4.74803     0.701776            0      4.79961     -2.61044      2.80512
          21    -0.567969     0.595224      73.3618     0.822727            0      73.3664      5.18371      2.33277
          21    0.0273844     -3.08197      67.7553      3.08209            0      67.8253      3.78396     -1.56191
          21    -0.218321    -0.418007    -0.602552     0.471587            0     0.765155     -1.06479     -2.05212
          21    -0.546833     0.294485      6.98556     0.621086            0      7.01312      3.11525       2.6476
          21     0.823302    -0.296965      10.1772     0.875222            0      10.2148      3.14842    -0.346175
          21     0.690478    -0.272168      1.58791     0.742182            0       1.7528      1.50434    -0.375473
          21     0.858803    -0.626319      3.91691      1.06293            0      4.05857      2.01534    -0.630116
          21     0.187053     0.667844      2.80662     0.693545            0      2.89104      2.10599      1.29771
          21     -1.40538     -1.69612      18.5915      2.20271            0      18.7216      2.82966     -2.26272
           1    -0.671518     0.252008      69.5829     0.717247         0.33      69.5874      5.26803      2.78258
          -1    -0.913053     0.227162      14.1902     0.940887         0.33      14.2252      3.40773      2.89775
          21 -5.98299e-13  7.98389e-14      876.805  6.03603e-13            0      876.805        999.9      3.00893
          21       1.7208     -1.42958      3.33564      2.23715            0      4.01639      1.18977    -0.693221
          21       0.3623     0.388143     0.172069     0.530958            0     0.558143     0.318652     0.819822
          21      1.36818     -4.43234     -8.10728       4.6387            0      9.34053     -1.32478     -1.27139
          21     0.117959    -0.187232     0.351395     0.221292            0     0.415269      1.24256      -1.0086
          21     -0.32285      1.32249    0.0712152      1.36132            0      1.36318    0.0522894      1.81024
          21     -1.09273     0.316753     -18.9938      1.13772            0      19.0279     -3.50914      2.85945
          21      7.95807     -14.9373      -53.518       16.925            0      56.1304     -1.86849     -1.08128
          21      7.18864     -12.2861      -48.325      14.2347            0      50.3778     -1.93643      -1.0414
          21     -1.08577     0.314736     -18.8729      1.13047            0      18.9067     -3.50914      2.85945
          21     0.485605   -0.0591842      1.62901     0.489199            0      1.70088      1.91793    -0.121279
          21     0.668299    -0.210311    0.0775228      0.70061            0     0.704886     0.110426    -0.304884
          21     0.929194    -0.771943      1.80117      1.20801            0      2.16876      1.18977    -0.693221
          21    -0.161464     -1.66444      2.90199      1.67226            0      3.34933      1.31862      -1.6675
          21     -0.34476    -0.323901     0.167349     0.473045            0     0.501774     0.346778     -2.38738
          21     0.612184    -0.508582      1.18667      0.79588            0      1.42885      1.18977    -0.693221
          21    -0.396103     -1.13993     0.211538      1.20679            0      1.22519     0.174405     -1.90522
          21    -0.532857     0.149625    0.0688615     0.553466            0     0.557733       0.1241      2.86784
          21    -0.858544     0.566844      6.92429      1.02879            0       7.0003      2.60527      2.55805
          21      1.22305     -15.7746      264.424       15.822            0      264.897       3.5102     -1.49342
          21     0.610426     -2.99705      59.5169      3.05859            0      59.5955      3.66211     -1.36987
          21      1.36363      2.19644      18.0936      2.58531            0      18.2774      2.64392       1.0152
          21    -0.652396    -0.454949     0.086449     0.795361            0     0.800046     0.108479     -2.53265
          21      0.25164    -0.680106     0.726129     0.725167            0      1.02622     0.882312     -1.21641
          21    -0.563315     0.590348      72.7608     0.815987            0      72.7654      5.18371      2.33277
          21     0.486742    -0.508028      1.56061      0.70357            0      1.71187      1.53714    -0.806792
          21     0.056555     0.261945    -0.273455      0.26798            0     0.382872    -0.895746      1.35816
          21      1.31049     -4.24544     -7.76541       4.4431            0      8.94666     -1.32478     -1.27139
        2212            0            0         6500            0      0.93827         6500        999.9            0
          21  5.04871e-29  7.57306e-29      876.805  9.10169e-29            0      876.805        999.9     0.982794
        2101            0            0      5202.64            0      0.57933      5202.64        999.9            0
           2            0            0      420.552            0         0.33      420.552        999.9            0
        2212            0            0        -6500            0      0.93827         6500       -999.9            0
          21            0 -7.57306e-29     -850.582  7.57306e-29            0      850.582       -999.9      -1.5708
        2203            0            0     -5578.53            0      0.77133      5578.53       -999.9            0
           1            0            0     -70.8895            0         0.33      70.8903       -999.9            0
           6      -40.175      2.35191      -595.23      40.2438      173.333      621.259     -3.38828      3.08312
          -6       6.9392       52.422      26.1402      52.8793      172.122      181.949     0.476141      1.43919
          21      7.95807     -14.9373      -53.518       16.925            0      56.1304     -1.86849     -1.08128
          21      18.2629     -1.30158      68.9834      18.3093            0      71.3718      2.03677   -0.0711486
          21      1.22305     -15.7746      264.424       15.822            0      264.897       3.5102     -1.49342
          21     -1.44758      0.72184      9.29732      1.61757            0      9.43699      2.44943      2.67902
          21      1.18518      1.39343      6.96459      1.82929            0      7.20082      2.04688     0.865984
          21     0.370671    -0.336211      29.7476     0.500434            0      29.7519      4.77825    -0.736688
          21     -1.08577     0.314736     -18.8729      1.13047            0      18.9067     -3.50914      2.85945
          21     -1.40538     -1.69612      18.5915      2.20271            0      18.7216      2.82966     -2.26272
          21     -1.09438     -2.84846      9.55495      3.05145            0      10.0304      1.85916     -1.93761
          21     0.612184    -0.508582      1.18667      0.79588            0      1.42885      1.18977    -0.693221
          21     0.117959    -0.187232     0.351395     0.221292            0     0.415269      1.24256      -1.0086
          21    -0.652396    -0.454949     0.086449     0.795361            0     0.800046     0.108479     -2.53265
          21      1.31049     -4.24544     -7.76541       4.4431            0      8.94666     -1.32478     -1.27139
          21      1.36363      2.19644      18.0936      2.58531            0      18.2774      2.64392       1.0152
           1    -0.671518     0.252008      69.5829     0.717247         0.33      69.5874      5.26803      2.78258
          21    -0.858544     0.566844      6.92429      1.02879            0       7.0003      2.60527      2.55805
          21     0.858803    -0.626319      3.91691      1.06293            0      4.05857      2.01534    -0.630116
          21    -0.161464     -1.66444      2.90199      1.67226            0      3.34933      1.31862      -1.6675
          21    -0.546833     0.294485      6.98556     0.621086            0      7.01312      3.11525       2.6476
          21      1.22169      1.59003      2.51875      2.00518            0      3.21945      1.05141     0.915658
          21     0.690478    -0.272168      1.58791     0.742182            0       1.7528      1.50434    -0.375473
          21    -0.662424     0.231698     -4.74803     0.701776            0      4.79961     -2.61044      2.80512
          21    -0.563315     0.590348      72.7608     0.815987            0      72.7654      5.18371      2.33277
          21    0.0273844     -3.08197      67.7553      3.08209            0      67.8253      3.78396     -1.56191
          21    -0.218321    -0.418007    -0.602552     0.471587            0     0.765155     -1.06479     -2.05212
          21    -0.757902      0.10112     -22.1612     0.764618            0      22.1744     -4.06017      3.00896
          21     0.823302    -0.296965      10.1772     0.875222            0      10.2148      3.14842    -0.346175
          21     0.187053     0.667844      2.80662     0.693545            0      2.89104      2.10599      1.29771
          -1    -0.913053     0.227162      14.1902     0.940887         0.33      14.2252      3.40773      2.89775
          21     0.486742    -0.508028      1.56061      0.70357            0      1.71187      1.53714    -0.806792
          21     -0.32285      1.32249    0.0712152      1.36132            0      1.36318    0.0522894      1.81024
          21      7.18864     -12.2861      -48.325      14.2347            0      50.3778     -1.93643      -1.0414
          21     0.668299    -0.210311    0.0775228      0.70061            0     0.704886     0.110426    -0.304884
          21     -0.34476    -0.323901     0.167349     0.473045            0     0.501774     0.346778     -2.38738
          21    -0.532857     0.149625    0.0688615     0.553466            0     0.557733       0.1241      2.86784
          21     0.610426     -2.99705      59.5169      3.05859            0      59.5955      3.66211     -1.36987
          21      0.25164    -0.680106     0.726129     0.725167            0      1.02622     0.882312     -1.21641
          21     0.056555     0.261945    -0.273455      0.26798            0     0.382872    -0.895746      1.35816
           5       16.271      62.2404     -175.363       64.332          4.8      186.852     -1.72801       1.3151
          24     -56.4461     -59.8885     -419.867      82.2969      75.1528      434.406     -2.33222     -2.32661
          22      44.4408      39.9654      89.2855       59.768            0      107.444      1.19136     0.732425
          -4     -37.5016      12.4566     -63.1453      39.5163          1.5      74.5058      -1.2479       2.8209
          -4     -25.5875      7.83971     -45.8883      26.7616          1.5      53.1429     -1.30825      2.84429
          21     -11.8892      4.63936     -17.2069      12.7623            0      21.4232     -1.10754      2.76955
          22      44.4159      39.9429      89.2354      59.7345            0      107.383      1.19136     0.732425
           4     -43.7994     -77.7929     -325.351      89.2756          1.5       337.38     -2.00464     -2.08358
          -3     -12.6467      17.9045     -94.5162      21.9205          0.5      97.0261     -2.16768      2.18577
          -3     -7.02036      16.3645     -84.2355      17.8068          0.5      86.0985     -2.25817      1.97605
          21     -7.69175     -2.13004     -25.6231      7.98123            0      26.8373     -1.88297     -2.87144
           4      -41.734     -74.1229     -310.008      85.0643          1.5       321.47     -2.00465     -2.08359
          21     -4.17788     -2.17854     -13.8613      4.71177            0      14.6403      -1.7999     -2.66094
          21     -3.81742    -0.491553     -14.0191      3.84893            0      14.5379     -2.00411     -3.01353
           4     -41.4304     -73.5829     -307.751      84.4447          1.5       319.13     -2.00465      -2.0836
          -3     -5.93796      12.0217     -65.1143      13.4083          0.5      66.4824     -2.28386      2.02958
          21     -1.14862      4.30825     -19.3409      4.45873            0      19.8482     -2.17353      1.83134
          21     -4.11167     -2.14401     -13.6416      4.63709            0      14.4082      -1.7999     -2.66094
           3     -1.89885    -0.676344     -9.37844      2.01571          0.5      9.60564     -2.24194     -2.79942
          -3     -2.22217    -0.355236     -6.89778      2.25039          0.5       7.2728     -1.83885     -2.98307
           4     -41.1268     -73.0428     -305.494      83.8252          1.5      316.789     -2.00465      -2.0836
          21     -1.58903      4.06148     -19.8036      4.36127            0      20.2782     -2.21816      1.94373
          21     0.202706     0.122811    -0.325919     0.237007            0     0.402983     -1.12345     0.544716
          21     -3.87396     -2.02006      -12.853      4.36901            0      13.5752      -1.7999     -2.66094
          -3     -7.52699      16.0832     -84.9179      17.7574      1.00472      86.7605     -2.26879      2.00852
          21     -1.18525    -0.305324      0.15531      1.22395     0.566915      1.35778     0.126555     -2.88947
           2            0            0      420.552            0         0.33      420.552        999.9            0
          -1    -0.913053     0.227162      14.1902     0.940887         0.33      14.2252      3.40773      2.89775
         213    -0.135956    -0.053462      225.869      0.14609     0.799644       225.87      8.03664     -2.76694
        -211     0.596599   0.00747815      45.4935     0.596646      0.13957      45.4977      5.02719     0.012534
         211    -0.502112    0.0467541      80.7434     0.504284      0.13957      80.7451      5.76905      3.04875
        -211    -0.515087      0.42979       10.878     0.670846      0.13957      10.8996      3.48006      2.44622
         213    -0.356497    -0.203399      71.7587     0.410441     0.855438       71.765      5.85699     -2.62311
           4     -41.1268     -73.0428     -305.494      83.8252          1.5      316.789     -2.00465      -2.0836
          -3     -2.22217    -0.355236     -6.89778      2.25039          0.5       7.2728     -1.83885     -2.98307
         423     -39.1267      -68.889     -287.924       79.225      2.00698      298.632     -2.00197     -2.08733
         211    -0.731669     -1.73016     -7.65835      1.87851      0.13957       7.8866     -2.11318     -1.97088
         311     -2.19673     -2.47349     -10.9225      3.30814      0.49761      11.4233     -1.90977       -2.297
         333      -1.2939    -0.305372      -5.8862      1.32944      1.01896      6.11989     -2.19351     -2.90982
           3     -1.89885    -0.676344     -9.37844      2.01571          0.5      9.60564     -2.24194     -2.79942
          21     -3.87396     -2.02006      -12.853      4.36901            0      13.5752      -1.7999     -2.66094
          21     0.202706     0.122811    -0.325919     0.237007            0     0.402983     -1.12345     0.544716
          -3     -7.52699      16.0832     -84.9179      17.7574      1.00472      86.7605     -2.26879      2.00852
        -323      -2.9207     -1.40155     -10.9181      3.23957     0.832017       11.419     -1.92945     -2.69418
         113    -0.977714    -0.308772     -5.08686      1.02531     0.736544      5.24117     -2.30482      -2.8357
         211     -1.05133     0.306554     -2.61267      1.09511      0.13957      2.83633     -1.60394      2.85787
        -213    -0.508143    -0.423919     -5.89814     0.661753      1.02288      6.02264     -2.88378     -2.44631
         321    -0.869148      0.41056     -4.98548     0.961238      0.49368      5.10125     -2.34838      2.70029
        -311     -2.19015      4.89578      -23.479      5.36334      0.49761      24.0889     -2.18246      1.99145
         111     0.151385     0.399181     -1.67901     0.426922      0.13498      1.73769     -2.07829      1.20831
         311     -4.73129      9.63179      -52.816      10.7311      0.49761      53.8974     -2.29698      2.02739
           1    -0.671518     0.252008      69.5829     0.717247         0.33      69.5874      5.26803      2.78258
          21     -1.40538     -1.69612      18.5915      2.20271            0      18.7216      2.82966     -2.26272
          21     0.187053     0.667844      2.80662     0.693545            0      2.89104      2.10599      1.29771
          21     0.858803    -0.626319      3.91691      1.06293            0      4.05857      2.01534    -0.630116
          21      1.22169      1.59003      2.51875      2.00518            0      3.21945      1.05141     0.915658
          21      1.18518      1.39343      6.96459      1.82929            0      7.20082      2.04688     0.865984
          21     0.370671    -0.336211      29.7476     0.500434            0      29.7519      4.77825    -0.736688
          21     -11.8892      4.63936     -17.2069      12.7623            0      21.4232     -1.10754      2.76955
          -4     -25.5875      7.83971     -45.8883      26.7616          1.5      53.1429     -1.30825      2.84429
        1114    -0.751324    -0.129424      29.4126      0.76239      1.29918      29.4512      4.34604     -2.97101
         213    -0.425344    -0.285549      31.5443     0.512304     0.809457      31.5588      4.81344     -2.55036
       -2214    -0.340933     0.204374      19.6982     0.397497        1.116      19.7338      4.59634      2.60157
         211     -0.76056    -0.486808      6.58154     0.903013      0.13957      6.64467      2.68411     -2.57223
        2112     0.704003    -0.503763      4.81344     0.865677      0.93957       4.9801      2.41679    -0.621098
       -2212       1.1545      1.38052       4.0079      1.79964      0.93827      4.49247       1.5408     0.874322
         213      1.52377     0.578624      5.35056      1.62993     0.794391      5.64945      1.90424     0.362913
        -211    -0.379477   -0.0433294     0.806763     0.381943      0.13957     0.903453      1.49274      -3.0279
         211      1.18871      1.30064      10.9322      1.76201      0.13957      11.0742      2.52484     0.830331
        -211       0.1051    -0.404849       7.9255     0.418268      0.13957      7.93776      3.63556      -1.3168
         111    -0.431881    -0.142197      5.82221     0.454688      0.13498       5.8415      3.24449     -2.82352
         113     0.185421   -0.0876694      5.73168     0.205102     0.826812      5.79464      4.02372    -0.441662
         223   -0.0922842    -0.124717     0.571188     0.155147     0.788905     0.986254      2.01445     -2.20783
         111    -0.208917     0.248241     0.170629     0.324454      0.13498     0.390646     0.504254      2.27039
         211    -0.672815    -0.135714    -0.571068     0.686366      0.13957     0.903713    -0.757474     -2.94255
        2112     -1.19914     0.774195     -2.11319      1.42735      0.93957      2.71766      -1.1839       2.5683
       -2112    -0.988452     0.754219     -1.11517      1.24334      0.93957      1.91632    -0.806572       2.4898
        -211     -2.41134     0.480968     -3.83963      2.45884      0.13957       4.5616     -1.22843      2.94472
         323     -2.04599     0.157579     -3.01024      2.05205     0.932813      3.76066     -1.17629      3.06473
        -323     -5.68065      2.20685     -8.57419      6.09426      1.00948      10.5677       -1.142      2.77105
         111     -3.30485      1.38431     -6.30959      3.58306      0.13498      7.25724     -1.33132      2.74492
        -421     -20.8977      6.59724     -36.8019      21.9143      1.86486       42.873      -1.2903       2.8358
           5       16.271      62.2404     -175.363       64.332          4.8      186.852     -1.72801       1.3151
          21    -0.757902      0.10112     -22.1612     0.764618            0      22.1744     -4.06017      3.00896
        2203            0            0     -5578.53            0      0.77133      5578.53       -999.9            0
        -521      15.7839      60.6131     -171.724      62.6345      5.27925      182.866     -1.73343      1.31605
         223    -0.577935     0.369654     -3.64411     0.686042     0.783524         3.79     -2.37182      2.57256
         211      0.50603     0.198454     -4.33305     0.543553      0.13957      4.36924     -2.77296     0.373746
        -213     0.017418       0.4888     -5.11316      0.48911      0.58916      5.17018     -3.04241      1.53518
         213     0.260209     0.717466     -8.88256     0.763195     0.962019      8.96704     -3.14932      1.22287
        2214    -0.296383    -0.148758     -28.7533      0.33162      1.23042      28.7815      -5.1557     -2.67642
       -2212    -0.304468     0.155489     -79.8434     0.341874      0.93827      79.8497     -6.14653      2.66943
         113    -0.286199     -0.41343     -208.807     0.502826     0.663591      208.809     -6.72207     -2.17631
         223     0.349669     0.363209     -1400.68     0.504172     0.784102      1400.68      -8.6227      0.80439
        -211   0.00870987  -0.00164638     -431.795   0.00886411      0.13957      431.795     -11.4868    -0.186821
         111   -0.0171655    -0.228358     -759.575     0.229002      0.13498      759.575     -8.79993     -1.64582
        2224    0.0693443     0.227516     -2672.91     0.237849      1.20421      2672.91     -10.0202      1.27495
           1            0            0     -70.8895            0         0.33      70.8903       -999.9            0
          21    -0.662424     0.231698     -4.74803     0.701776            0      4.79961     -2.61044      2.80512
          21    -0.218321    -0.418007    -0.602552     0.471587            0     0.765155     -1.06479     -2.05212
          21     0.117959    -0.187232     0.351395     0.221292            0     0.415269      1.24256      -1.0086
          21     -0.32285      1.32249    0.0712152      1.36132            0      1.36318    0.0522894      1.81024
          21     -1.08577     0.314736     -18.8729      1.13047            0      18.9067     -3.50914      2.85945
          21      7.18864     -12.2861      -48.325      14.2347            0      50.3778     -1.93643      -1.0414
          21      7.95807     -14.9373      -53.518       16.925            0      56.1304     -1.86849     -1.08128
          21      1.31049     -4.24544     -7.76541       4.4431            0      8.94666     -1.32478     -1.27139
          21     0.056555     0.261945    -0.273455      0.26798            0     0.382872    -0.895746      1.35816
          21     0.486742    -0.508028      1.56061      0.70357            0      1.71187      1.53714    -0.806792
          21     0.668299    -0.210311    0.0775228      0.70061            0     0.704886     0.110426    -0.304884
          21     0.612184    -0.508582      1.18667      0.79588            0      1.42885      1.18977    -0.693221
          21     -0.34476    -0.323901     0.167349     0.473045            0     0.501774     0.346778     -2.38738
          21    -0.161464     -1.66444      2.90199      1.67226            0      3.34933      1.31862      -1.6675
          21      18.2629     -1.30158      68.9834      18.3093            0      71.3718      2.03677   -0.0711486
          21     0.690478    -0.272168      1.58791     0.742182            0       1.7528      1.50434    -0.375473
          21     0.823302    -0.296965      10.1772     0.875222            0      10.2148      3.14842    -0.346175
          21    -0.546833     0.294485      6.98556     0.621086            0      7.01312      3.11525       2.6476
          21     -1.44758      0.72184      9.29732      1.61757            0      9.43699      2.44943      2.67902
          21      1.36363      2.19644      18.0936      2.58531            0      18.2774      2.64392       1.0152
          21     0.610426     -2.99705      59.5169      3.05859            0      59.5955      3.66211     -1.36987
          21      1.22305     -15.7746      264.424       15.822            0      264.897       3.5102     -1.49342
          21    0.0273844     -3.08197      67.7553      3.08209            0      67.8253      3.78396     -1.56191
          21     -1.09438     -2.84846      9.55495      3.05145            0      10.0304      1.85916     -1.93761
          21    -0.858544     0.566844      6.92429      1.02879            0       7.0003      2.60527      2.55805
          21     -1.18525    -0.305324      0.15531      1.22395     0.566915      1.35778     0.126555     -2.88947
          21      0.25164    -0.680106     0.726129     0.725167            0      1.02622     0.882312     -1.21641
          21    -0.563315     0.590348      72.7608     0.815987            0      72.7654      5.18371      2.33277
        2101            0            0      5202.64            0      0.57933      5202.64        999.9            0
        -213       -0.381      0.11952     -59.1985     0.399307     0.825336      59.2056     -5.69208      2.83761
         111   -0.0233614     0.367411     -3.47583     0.368153      0.13498      3.49788     -2.94103      1.63429
         113      0.20581    -0.897203     -7.11939     0.920506      0.81535      7.22481     -2.74295     -1.34531
         111    -0.601371     0.334473     -2.21458     0.688127      0.13498      2.32295      -1.8853      2.63401
         111     0.521308    0.0294334     -3.81475     0.522138      0.13498      3.85268     -2.68649    0.0564007
         213    -0.606802      0.17896    -0.230987     0.632642     0.664807      0.94634    -0.357454       2.8548
         113   -0.0333958     0.322496     -1.03216      0.32422     0.829692       1.3634     -1.87494      1.67398
        -213    -0.417355   -0.0896751     -0.20222      0.42688     0.726475     0.866537    -0.457579     -2.92995
        2224      0.22691     0.427176     -3.09937     0.483702       1.2639      3.38194     -2.55667      1.08251
         111    -0.165719     0.279738     -2.74504      0.32514      0.13498      2.76752     -2.82993      2.10561
       -2224    -0.522953    -0.224268     -4.13681     0.569014      1.14331      4.32945     -2.68162     -2.73647
         213     0.176986    -0.735971     -7.50753     0.756953     0.835368      7.59169     -2.99004      -1.3348
        -211     0.120102  -0.00415139     -1.09938     0.120174      0.13957       1.1147     -2.90968   -0.0345518
         111     0.121527     0.194959    -0.723153     0.229735      0.13498      0.77068     -1.86417      1.01339
         213     0.670106     -1.72218     -7.91667      1.84796     0.814922      8.17023     -2.16139     -1.19972
         223      3.80899     -6.25876     -25.1019       7.3267     0.769423      26.1606     -1.94521     -1.02409
        -213      2.50142     -5.11702     -17.7456       5.6957     0.674275      18.6494     -1.85438     -1.11611
         111     0.924318     -2.01032     -7.80477      2.21263      0.13498      8.11347     -1.97321     -1.13983
         111      2.30268     -3.28886     -12.7322      4.01484      0.13498      13.3509     -1.87126    -0.959972
         113      3.32646     -6.22999     -21.5993      7.06245     0.778385       22.738     -1.83673     -1.08036
         323     0.669927     -1.71376     -5.06572      1.84004     0.847654      5.45581     -1.73732     -1.19815
        -321      0.64715     -1.84477     -4.49195      1.95499      0.49368      4.92375     -1.56935     -1.23341
         223     0.243696    -0.140933     -1.44271     0.281514     0.791043      1.66926     -2.33663    -0.524321
         321     0.739839     -1.52053      -2.9209      1.69097      0.49368      3.41097      -1.3146     -1.11795
        -321    -0.337272    -0.539634    -0.195683     0.636362      0.49368     0.828836    -0.302852      -2.1294
         211     0.281632   -0.0573134    -0.263314     0.287404      0.13957     0.414023    -0.820845    -0.200763
        2112     0.847723    -0.531109      0.27843      1.00036      0.93957      1.40037     0.274857    -0.559686
        -321    -0.132463    -0.210901     0.617804      0.24905      0.49368     0.829112      1.64002     -2.13161
       -3112     0.633251     -1.36974       3.1938      1.50904      1.19745      3.72981      1.49453     -1.13775
        -213     0.668032   -0.0826486      2.05526     0.673125     0.635705      2.25418      1.83517    -0.123094
         113     0.192464     -1.10127      2.54729      1.11796     0.707344      2.87034      1.56168     -1.39778
         211   -0.0413044    0.0528591      2.39127    0.0670831      0.13957      2.39627      4.26699       2.2341
         223      8.40764    -0.508164      29.1401      8.42298     0.777979       30.343      1.95456   -0.0603673
        -211      1.70561    -0.489144      6.91016      1.77437      0.13957      7.13569      2.06879    -0.279289
         213      2.22941    0.0202929      8.98649       2.2295     0.785251      9.29217      2.10213    0.0091021
        -213      5.10802    -0.500556      21.6999      5.13249      1.18901      22.3303      2.14857   -0.0976823
         111     0.139974     0.312523     0.595754     0.342437      0.13498      0.70029       1.3208       1.1497
         321  -0.00736195     0.212006      6.26861     0.212133      0.49368      6.29159      4.07953      1.60551
        -321    -0.251144      0.10809       2.3874     0.273417      0.49368      2.45319      2.86337      2.73517
         213     0.495272     0.308186      4.77403     0.583329      0.78423      4.87306      2.79905     0.556624
         311    -0.913397     -0.45194      10.2873      1.01909      0.49761      10.3496      3.00759     -2.68212
        -311     0.588767      1.01028      10.3806      1.16932      0.49761      10.4581      2.87982      1.04314
         313      0.14158     0.419155      11.1663      0.44242     0.880924      11.2097      3.92194      1.24505
        -311     0.879344     0.175695      11.9653     0.896725      0.49761      12.0092      3.28557     0.197205
        -211      0.12921    -0.449423      2.44686     0.467628      0.13957      2.49506      2.35704     -1.29084
         211     -0.10427    -0.250537      12.3057     0.271369      0.13957      12.3095      4.50761     -1.96518
        -211    -0.138121     -2.54146      43.1818      2.54521      0.13957       43.257      3.52522     -1.62509
         223     0.630896     -6.75414      122.603      6.78354     0.778527      122.793      3.58836     -1.47766
        2224     0.645076     -3.84296       68.378      3.89673       1.2168      68.4997      3.55887     -1.40449
       -2224     0.212334     -5.48098      95.9792      5.48509      1.25445       96.144      3.55606     -1.53208
         321   -0.0474306    -0.630032      12.1471     0.631815      0.49368      12.1736      3.65008     -1.64594
        -323   -0.0120346     -1.50923      15.7739      1.50928     0.849913      15.8687      3.04216     -1.57877
         211     0.204188    -0.180241       1.5727     0.272359      0.13957       1.6022      2.45399    -0.723185
         111   -0.0302842    -0.216237      0.80408     0.218348      0.13498     0.844062       2.0147     -1.70994
         311     -1.22277    -0.419076       7.8283      1.29259      0.49761      7.94988      2.50099     -2.81141
        -313    0.0341659    -0.302611      3.82573     0.304533     0.889606      3.93958      3.22545     -1.45837
        -211    -0.344759    -0.385648     0.722202     0.517285      0.13957     0.899244      1.13574     -2.30027
         111   -0.0229769     -0.16013    0.0994601      0.16177      0.13498     0.232984     0.581494     -1.71331
         211    -0.313389    -0.595806      1.42731     0.673199      0.13957      1.58427      1.49613     -2.05502
         313    -0.604392    -0.178271      1.28543     0.630135     0.863083      1.67162      1.46135     -2.85477
        -321     0.201965   -0.0255987      1.63975     0.203581      0.49368      1.72451      2.78321    -0.126076
         223    -0.337868    -0.197654      2.66519     0.391436      0.78081      2.80466      2.61671     -2.61227
         111   -0.0980205     0.113936     0.994031     0.150298      0.13498      1.01435      2.58796      2.28125
         321    -0.405085     0.445526     0.660919     0.602152      0.49368      1.02133     0.948728      2.30869
        -311     0.324354    -0.159518      1.58621     0.361457      0.49761      1.70127      2.18484    -0.457067
         113    -0.365661     -0.38014      9.97757      0.52746     0.784533      10.0223      3.63387     -2.33678
         111     0.107154     0.235489      7.51332     0.258722      0.13498      7.51899      4.06212      1.14377
         113    0.0894485    -0.164206       18.166     0.186988     0.813186      18.1852      5.26943     -1.07201
         221    -0.519897     0.411041      95.4341     0.662758      0.54785      95.4379      5.66294       2.4726
        -211    -0.426691    -0.379938      14.6836      0.57133      0.13957      14.6954      3.94005     -2.41409
         111     0.441689    -0.208877      62.7997     0.488589      0.13498      62.8018      5.54935    -0.441737
         213     0.270224     0.568702      336.991     0.629637     0.791647      336.992      6.97581      1.12722
        -211   -0.0428061     0.246449      936.872     0.250139      0.13957      936.872      8.92143      1.74277
        2224   -0.0122085    -0.337333      3537.92     0.337554      1.25049      3537.92      9.95047     -1.60697
        -211    -0.172801     0.149591      250.858     0.228555      0.13957      250.858      7.69401      2.42806
         211    0.0690276    0.0873486      196.898     0.111331      0.13957      196.898      8.17108     0.902026
         111    -0.204983    -0.140811      28.9709     0.248688      0.13498      28.9723      5.45101     -2.53969
         211     -0.40632    -0.333327      25.1877     0.525549      0.13957      25.1936      4.56292     -2.45456
         111    0.0498221     0.129928       46.571     0.139153      0.13498      46.5714      6.50631      1.20463
         310     -2.19673     -2.47349     -10.9225      3.30814      0.49761      11.4233     -1.90977       -2.297
        -321     -2.32493     -1.32504     -8.58271      2.67601      0.49368      9.00376     -1.88203     -2.62358
         111    -0.595766   -0.0765166     -2.33543      0.60066      0.13498      2.41521     -2.06721     -3.01386
         211     -1.05117    -0.281893      -4.2643      1.08831      0.13957       4.4032      -2.0747     -2.87959
        -211    0.0734565   -0.0268784     -0.82256    0.0782196      0.13957     0.837975      -3.0483    -0.350777
        -211    -0.731011   -0.0476096     -4.09291      0.73256      0.13957       4.1603     -2.42153     -3.07656
         111     0.222868     -0.37631     -1.80522     0.437355      0.13498      1.86235      -2.1252      -1.0361
         130     -2.19015      4.89578      -23.479      5.36334      0.49761      24.0889     -2.18246      1.99145
         130     -4.73129      9.63179      -52.816      10.7311      0.49761      53.8974     -2.29698      2.02739
        2112    -0.296695    0.0760769      19.4084     0.306293      0.93957      19.4336      4.84213      2.89059
        -211    -0.454629    -0.205501      10.0042     0.498917      0.13957      10.0176      3.69209     -2.71706
         211     0.130295    -0.332952      13.0807     0.357539      0.13957      13.0863      4.29298     -1.19778
         111    -0.555639    0.0474034      18.4636     0.557657      0.13498      18.4725      4.19319      3.05649
       -2212    -0.357757     0.115026      17.7776     0.375794      0.93827      17.8063      4.54991      2.83051
         111    0.0168239    0.0893479      1.92059     0.090918      0.13498      1.92748      3.74414      1.38468
         211      1.32098     0.660166      4.99632      1.47675      0.13957      5.21186      1.93316     0.463453
         111     0.202794   -0.0815421     0.354238     0.218574      0.13498     0.437583      1.25989     -0.38231
         211     0.269765    -0.396748      3.59841     0.479773      0.13957      3.63294       2.7125    -0.973661
        -211   -0.0843435     0.309079      2.13327      0.32038      0.13957       2.1617      2.59464       1.8372
         321     -1.67735     0.398001     -2.36125      1.72392      0.49368      2.96498     -1.12024      2.90862
         111    -0.368638    -0.240422    -0.648991      0.44011      0.13498     0.795679      -1.1806     -2.56368
        -321     -5.02044      2.06828     -7.94191      5.42979      0.49368      9.63329     -1.17387      2.75081
         111    -0.660209     0.138572    -0.632276     0.674595      0.13498     0.934382    -0.836312      2.93471
        -211    -0.220737     0.292695     -1.94428       0.3666      0.13957      1.98345     -2.37029      2.21695
         111     0.238155     0.196105     -3.16889     0.308504      0.13498      3.18673     -3.02491     0.688868
         211     0.411669     0.799416     -5.27959     0.899187      0.13957      5.35743     -2.47043      1.09525
         111     -0.15146   -0.0819501     -3.60297     0.172209      0.13498      3.60961     -3.73452     -2.64563
        2112    -0.236033    -0.120179     -27.6718     0.264867      0.93957       27.689     -5.34211     -2.67064
         211   -0.0603509   -0.0285791     -1.08152    0.0667757      0.13957      1.09253     -3.47888     -2.69933
         211    -0.131374    -0.370391     -57.5887        0.393      0.13957      57.5902     -5.68043     -1.91164
        -211    -0.154825    -0.043038     -151.218     0.160696      0.13957      151.218     -7.54011     -2.87046
        2212     0.160194    0.0211035     -2220.44     0.161578      0.93827      2220.44     -10.2214     0.130983
         211   -0.0908501     0.206413     -452.468     0.225522      0.13957      452.468      -8.2972      1.98542
        -211   -0.0566232   -0.0808626     -2.58118    0.0987166      0.13957      2.58684     -3.95726     -2.18168
         111    -0.324377     0.200383     -56.6173     0.381279      0.13498      56.6188      -5.6937      2.58823
         211     0.435285    -0.589262     -5.67289       0.7326      0.13957       5.7217     -2.74415     -0.93457
        -211    -0.229475    -0.307942      -1.4465      0.38404      0.13957      1.50311     -2.03648     -2.21121
         211    -0.255091     0.243404     0.148968     0.352586      0.13957     0.407416     0.410845      2.37964
         111    -0.351711   -0.0644437    -0.379955     0.357566      0.13498     0.538924    -0.924963     -2.96037
         211     0.335946    0.0896962    -0.230342     0.347714      0.13957     0.439821    -0.621632      0.26091
        -211    -0.369341     0.232799    -0.801818     0.436587      0.13957      0.92358     -1.36806      2.57918
        -211     0.122082   0.00168717     0.116627     0.122094      0.13957     0.219063     0.849356    0.0138191
         111    -0.539437   -0.0913623    -0.318847     0.547119      0.13498     0.647474    -0.553998     -2.97382
        2212   -0.0315688      0.18091     -1.97977     0.183644      0.93827      2.19854     -3.07303      1.74356
         211     0.258479     0.246266      -1.1196     0.357013      0.13957      1.18341     -1.86061     0.761206
       -2212    -0.485853    -0.210019     -3.08514     0.529303      0.93827      3.26781     -2.46322     -2.73358
        -211      -0.0371    -0.014249     -1.05168    0.0397422      0.13957      1.06164     -3.96923     -2.77489
         211   -0.0526421    -0.818295      -6.1356     0.819986      0.13957      6.19173     -2.71016     -1.63504
         111     0.229628    0.0823232     -1.37193     0.243939      0.13498      1.39997     -2.42801     0.344233
         211     0.290145    -0.875891     -5.49073     0.922696      0.13957      5.56947     -2.48365     -1.25092
         111     0.379961    -0.846293     -2.42594     0.927676      0.13498      2.60077     -1.68914      -1.1488
        -211      2.30308     -4.61298     -15.5064      5.15594      0.13957      16.3417     -1.82081     -1.10774
         111     0.198333    -0.504042      -2.2392     0.541659      0.13498      2.30774      -2.1267     -1.19592
         211      2.20933     -3.73573     -14.1827      4.34014      0.13957      14.8326     -1.89989     -1.03672
        -211      1.11713     -2.49427     -7.41664      2.73301      0.13957       7.9054     -1.72381     -1.14971
         311     0.388184     -1.12675     -3.95765      1.19175      0.49761      4.16303     -1.91531     -1.23902
         211     0.281743    -0.587002     -1.10807     0.651115      0.13957      1.29277     -1.30174      -1.1233
        -211     0.278797     0.168878      1.37553     0.325957      0.13957       1.4205      2.14673     0.544629
         111     0.389234    -0.251527     0.679729     0.463432      0.13498     0.833679      1.17617    -0.573707
         211    0.0676136    0.0438139     0.357482    0.0805683      0.13957     0.392128      2.19559     0.574971
        -211      0.12485     -1.14508      2.18981      1.15187      0.13957      2.47821      1.39851     -1.46219
         211      1.85236    -0.195661      7.82216      1.86266      0.13957      8.04209      2.14198    -0.105238
         111     0.377055     0.215954      1.16433     0.434519      0.13498      1.25008      1.71194     0.520134
        -211       2.8132    -0.852393       12.076       2.9395      0.13957      12.4294      2.12062    -0.294205
         111      2.29482     0.351837      9.62395      2.32163      0.13498      9.90094      2.12937     0.152133
         211     0.584492   -0.0295547      3.06042     0.585239      0.13957      3.11899      2.35645   -0.0505218
         111   -0.0892202     0.337741      1.71362     0.349327      0.13498      1.75406      2.29373      1.82906
         130    -0.913397     -0.45194      10.2873      1.01909      0.49761      10.3496      3.00759     -2.68212
         310     0.588767      1.01028      10.3806      1.16932      0.49761      10.4581      2.87982      1.04314
         311      0.22294       0.2998      10.3912     0.373607      0.49761      10.4098      4.01898     0.931385
         111   -0.0813598     0.119355     0.775135     0.144447      0.13498     0.799949      2.38184      2.16911
         130     0.879344     0.175695      11.9653     0.896725      0.49761      12.0092      3.28557     0.197205
        2212      0.28411     -2.68639      49.1177      2.70138      0.93827      49.2009      3.59436     -1.46543
         211     0.360965     -1.15657      19.2603      1.21159      0.13957      19.2988      3.46025     -1.26828
       -2212    0.0894649      -3.8866      72.1944      3.88763      0.93827       72.305      3.61543     -1.54778
        -211     0.122869     -1.59438      23.7849      1.59911      0.13957       23.839      3.39388     -1.49388
        -321    -0.143508    -0.656825      9.05643     0.672319      0.49368      9.09476      3.29502      -1.7859
         111     0.131473    -0.852403       6.7175     0.862483      0.13498      6.77398       2.7499     -1.41776
         130     -1.22277    -0.419076       7.8283      1.29259      0.49761      7.94988      2.50099     -2.81141
        -321   -0.0164108    -0.481157      2.48506     0.481437      0.49368      2.57896      2.34368     -1.60489
         211    0.0505767     0.178546      1.34066     0.185572      0.13957      1.36062      2.67538      1.29476
         311    -0.248881    -0.317765     0.949136     0.403629      0.49761      1.14516      1.59062     -2.23523
         111    -0.355511     0.139493      0.33629     0.381898      0.13498     0.526457     0.794357      2.76768
         130     0.324354    -0.159518      1.58621     0.361457      0.49761      1.70127      2.18484    -0.457067
         211  -0.00303377     0.103151     0.610914     0.103196      0.13957     0.635094      2.47853       1.6002
        -211    -0.362627    -0.483291      9.36666     0.604209      0.13957      9.38717      3.43518     -2.21451
         211    0.0519343    -0.429619      6.82636     0.432746      0.13957      6.84149      3.45255      -1.4505
        -211    0.0375141     0.265413      11.3396     0.268051      0.13957      11.3437      4.43817      1.43038
         211       0.1348    -0.163677      79.2046     0.212041      0.13957       79.205      6.61616    -0.881843
         111     0.135423     0.732379      257.786     0.744794      0.13498      257.787      6.53993      1.38795
        2212   -0.0949869    -0.159413       2109.8     0.185567      0.93827       2109.8      10.0318     -2.10816
         211    0.0827785     -0.17792      1428.12     0.196234      0.13957      1428.12      9.58571     -1.13533
         310     0.388184     -1.12675     -3.95765      1.19175      0.49761      4.16303     -1.91531     -1.23902
         310      0.22294       0.2998      10.3912     0.373607      0.49761      10.4098      4.01898     0.931385
         130    -0.248881    -0.317765     0.949136     0.403629      0.49761      1.14516      1.59062     -2.23523
         421     -35.7915      -63.081      -263.56      72.5275      1.86486      273.363     -2.00188     -2.08689
         111     -3.33519     -5.80805     -24.3646      6.69754      0.13498      25.2687     -2.00292     -2.09206
         213       -1.278    -0.294266     -5.27207      1.31144     0.789507       5.4898     -2.09957     -2.91528
        -211   -0.0158996   -0.0111061    -0.614126    0.0193944      0.13957     0.630085     -4.14861     -2.53186
         211  -0.00492464    -0.200853     0.317921     0.200913      0.13957     0.401148      1.23961     -1.59531
        -211   -0.0758149    0.0483497     0.369094      0.08992      0.13957     0.404717       2.1198      2.57389
         111   -0.0115446    0.0277862    -0.115826    0.0300891      0.13498      0.18039     -2.05753      1.96458
         313     -7.58947       2.2742     -14.3043      7.92288     0.834702      16.3732     -1.35308      2.85046
         221     -13.3083      4.32304     -22.4976      13.9928      0.54785      26.4998     -1.25311      2.82751
         421       1.8765      10.3679     -30.4895      10.5364      1.86486      32.3125      -1.7843      1.39174
        -213      13.9074      50.2452     -141.234      52.1344      1.11609      150.553     -1.72219      1.30077
         211   -0.0669618    0.0104517    -0.246526    0.0677725      0.13957     0.291287     -2.00284      2.98676
        -211    -0.343922     0.146786    -0.920893     0.373936      0.13957      1.00367     -1.63329       2.7382
         111    -0.167052     0.212417      -2.4767     0.270235      0.13498      2.49505      -2.9115      2.23721
         211     -0.15031      0.17186     -450.753     0.228318      0.13957      450.753     -8.28109       2.2894
        -211     0.293709  -0.00936062     -592.931     0.293859      0.13957      592.931     -8.30288   -0.0318596
         111     0.206269      0.20071     -356.992     0.287805      0.13498      356.992     -7.81633     0.771738
         111      2.99395     -4.44205     -19.0713      5.35682      0.13498      19.8098     -1.98212    -0.977733
          22     0.815048     -1.81671     -6.03064      1.99116            0      6.35085     -1.82748     -1.14907
         211     0.249898     0.143753     -0.56679     0.288295      0.13957     0.651034     -1.42833     0.522021
        -211   -0.0795592    -0.292809    -0.417357     0.303425      0.13957     0.534541     -1.12365      -1.8361
         111    0.0733577   0.00812317    -0.458564    0.0738061      0.13498     0.483681     -2.52622     0.110284
       -2112     0.331951    -0.880359      2.33545     0.940863      0.93957      2.68744      1.64062     -1.21022
         211       0.3013    -0.489383     0.858354     0.574697      0.13957      1.04237      1.19119     -1.01893
         211      5.85278    -0.351397      20.9336      5.86332      0.13957      21.7397      1.98485   -0.0599673
        -211      2.02533   -0.0979368      6.38277       2.0277      0.13957      6.69857      1.86417   -0.0483182
         111      0.52952   -0.0588297      1.82369     0.532778      0.13498      1.90471      1.94434    -0.110646
         111      0.79634     -4.89974      88.5485      4.96403      0.13498      88.6876      3.57526     -1.40968
          22    -0.165444      -1.8544      34.0544      1.86176            0      34.1053      3.60033     -1.65978
         211    -0.368089   0.00593776     0.729174     0.368137      0.13957     0.828673      1.43498      3.12546
        -211     0.015034    -0.200169      1.48356     0.200733      0.13957      1.50357      2.69792     -1.49583
         111    0.0151868  -0.00342217     0.452455    0.0155676      0.13498     0.472416      4.06294    -0.221637
          22    -0.162567     0.410176       69.654     0.441217            0      69.6554      5.75492      1.94814
          22     -0.35733  0.000864923      25.7801     0.357331            0      25.7825      4.97189      3.13917
         211    -0.528788     -0.50287     -1.98997     0.729723      0.13957      2.12414      -1.7284     -2.38131
        -211     -1.66794     -1.97062     -8.93253      2.58174      0.13957      9.29919     -1.95464      -2.2732
         211     0.185572     0.113281      2.97128     0.217415      0.13957      2.98249      3.30942     0.548063
        -211     0.403195     0.896998      7.40936     0.983449      0.13957      7.47564      2.71696      1.14836
         211     0.454177    -0.809579     -2.87504     0.928276      0.13957      3.02441     -1.84874     -1.05954
        -211   -0.0659937    -0.317174     -1.08261     0.323967      0.13957      1.13863      -1.9213     -1.77594
         111    0.0584916     0.151934      8.29054     0.162804      0.13498      8.29324      4.62357       1.2033
         111     0.164448     0.147866      2.10064     0.221151      0.13498      2.11656      2.94706     0.732354
         311     -10.5514     -18.3532     -78.0116      21.1701      0.49761      80.8345     -2.01534     -2.09256
         211     -10.1739     -17.7948     -73.5731      20.4979      0.13957      76.3753     -1.98997     -2.09017
        -211     -1.54479     -2.73428     -11.4645      3.14049      0.13957      11.8876     -2.00627     -2.08506
         111     -3.19562     -5.55104      -22.604      6.40516      0.13498      23.4943     -1.97366     -2.09314
         111     -7.94141     -14.1163     -58.8034      16.1968      0.13498      60.9934     -2.00098     -2.08324
         111     -2.38435     -4.53142     -19.1033      5.12043      0.13498      19.7781     -2.02726     -2.05517
         211     -1.19618    -0.383745     -3.75725      1.25623      0.13957      3.96415     -1.81557     -2.83116
         111   -0.0818178    0.0894787     -1.51482     0.121246      0.13498      1.52565     -3.21998       2.3115
         311     -4.73717      1.21851     -9.13312      4.89138      0.49761      10.3724     -1.38261      2.88983
         111      -2.8523       1.0557     -5.17116       3.0414      0.13498      6.00077     -1.30095      2.78711
          22     -3.61088      1.16368     -5.64681      3.79376            0      6.80288     -1.18834      2.82983
          22     -9.69737      3.15936     -16.8508       10.199            0       19.697     -1.27633      2.82664
       20213      1.09751      5.74544     -16.4539      5.84932      1.23962      17.5066     -1.75758      1.38205
        -321     0.778987      4.62248     -14.0356      4.68766      0.49368      14.8059      -1.8166      1.40384
        -211      12.6709      45.1629     -127.794      46.9067      0.13957      136.131      -1.7275      1.29727
         111      1.23651      5.08229     -13.4401      5.23055      0.13498      14.4227     -1.67275      1.33214
         310     -10.5514     -18.3532     -78.0116      21.1701      0.49761      80.8345     -2.01534     -2.09256
         130     -4.73717      1.21851     -9.13312      4.89138      0.49761      10.3724     -1.38261      2.88983
         113     0.947859      4.31924     -11.7568      4.42202     0.905574      12.5935     -1.70461      1.35477
         211     0.149652       1.4262      -4.6971      1.43403      0.13957      4.91311     -1.90213      1.46625
         211     -8.75955     -15.3258      -64.602      17.6525      0.13957      66.9705     -2.00868     -2.09004
        -211     -1.79184     -3.02735     -13.4096      3.51789      0.13957      13.8641     -2.04803     -2.10523
         211     0.619863      3.41525     -9.99536      3.47105      0.13957      10.5818     -1.77968      1.39125
        -211     0.327997     0.903984      -1.7614      0.96165      0.13957      2.01166     -1.36571      1.22273
